0,457
0,386
87,52
87,51
87,50
87,49
87,48
87,47
87,46
87,45
87,44
87,43
87,42
87,41
87,40
87,39
87,38
87,37
87,36
87,35
3,2
3,1
3,3
10,280
10,14
10,204
10,18
10,176
10,258
10,212
10,86
11,4
11,17
11,8
11,2
11,3
9,6
9,4
8,6
8,9
8,17
8,16
8,2
8,3
81,5
81,4
81,3
81,2
81,1
81,0
73,5
73,4
73,3
73,2
73,1
73,0
63,4
63,3
63,2
63,1
63,0
62,4
62,3
62,2
62,1
62,0
61,3
61,2
61,1
61,0
54,3
54,1
53,3
53,1
46,3
46,1
45,4
45,3
45,2
45,1
43,3
43,1
20,3
20,2
18,1
20,1
19,3
18,3
19,2
19,1
12,3
14,1
12,2
14,3
12,1
11,28
11,27
13,1
11,26
